Pile ID	Distribution Type	X-Position	Y-Position	Collection Time	Ant ID
0	0	-0.804142	2.55612	-1	-1
0	0	-8.35426	-3.89124	-1	-1
0	0	-9.27862	-8.87804	2864	19
0	0	-2.53898	8.02604	30520	11
0	0	9.33038	-0.214582	-1	-1
0	0	4.26037	5.65859	-1	-1
0	0	-2.90086	-5.29041	2280	14
0	0	-6.19165	-1.62211	36880	1
0	0	-4.3765	-7.54343	12376	15
0	0	5.01086	-0.638547	-1	-1
0	0	-1.42189	7.75198	55296	1
0	0	6.85242	-3.08348	9720	17
0	0	-3.95717	1.57818	18104	8
0	0	-6.34965	7.1853	-1	-1
0	0	0.456285	-3.91323	-1	-1
0	0	-7.64982	-5.29973	50200	10
0	0	9.05643	2.61078	44992	8
0	0	-7.38947	-4.2743	7664	15
0	0	1.94291	-1.45379	-1	-1
0	0	0.161018	-3.79886	-1	-1
0	0	0.128577	8.68476	23336	11
0	0	-8.79421	-6.63248	47720	17
0	0	-5.40769	7.44765	-1	-1
0	0	5.33054	6.57598	-1	-1
0	0	3.96889	-6.64333	47408	5
0	0	1.06784	2.9966	48072	5
0	0	-5.68278	-4.85219	-1	-1
0	0	-4.66189	-1.59023	16416	11
0	0	5.31364	5.39466	-1	-1
0	0	6.07723	-9.25729	24224	15
0	0	-3.59892	5.009	-1	-1
0	0	5.64145	-2.50096	-1	-1
0	0	6.55293	-7.95166	14928	0
0	0	8.88581	3.73315	39000	18
0	0	3.59068	7.96502	-1	-1
0	0	-1.01213	-6.1915	2360	13
0	0	1.1858	-6.89338	3728	0
0	0	-5.0269	-8.37521	-1	-1
0	0	8.68886	-3.61779	-1	-1
0	0	-6.20608	2.59894	-1	-1
0	0	6.75549	-2.84199	35208	9
0	0	1.52578	3.63339	51360	13
0	0	5.75828	-3.44016	-1	-1
0	0	8.68801	9.06779	-1	-1
0	0	4.75834	-5.93625	51376	7
0	0	-5.93499	-3.21326	41760	10
0	0	3.27435	-2.8344	-1	-1
0	0	-3.2323	3.7268	-1	-1
0	0	2.78872	8.05993	8576	18
0	0	1.38178	8.79724	-1	-1
0	0	6.68024	2.31541	-1	-1
0	0	-5.20822	-4.83507	-1	-1
0	0	8.17475	4.20003	5216	4
0	0	9.14244	9.15068	-1	-1
0	0	-8.33171	-8.14569	25448	18
0	0	-2.98824	7.37374	49008	4
0	0	-5.5816	9.18816	27480	10
0	0	4.14831	6.80131	48704	7
0	0	3.48162	9.44787	10872	8
0	0	2.41958	7.50018	-1	-1
0	0	-1.83321	8.43083	-1	-1
0	0	0.170641	3.76236	3376	3
0	0	4.89301	-0.9575	42928	4
0	0	-6.28194	4.24805	-1	-1
0	0	-4.4761	-0.317132	-1	-1
0	0	2.03016	2.73555	31176	9
0	0	-6.46586	-4.22309	-1	-1
0	0	-5.66427	-3.20998	22752	10
0	0	-7.3091	3.3936	8752	8
0	0	1.10168	-8.67644	15424	12
0	0	3.91478	-0.301205	-1	-1
0	0	6.90281	3.3932	-1	-1
0	0	6.95955	-2.7017	-1	-1
0	0	3.88385	5.14487	43024	11
0	0	6.03216	-2.57609	-1	-1
0	0	3.18047	8.44339	-1	-1
0	0	0.744954	0.61107	21376	13
0	0	-0.28586	-5.49373	43576	0
0	0	-6.21529	-3.22066	-1	-1
0	0	-3.32818	9.4777	15224	5
0	0	-3.71111	2.74319	19864	5
0	0	-3.89334	7.37102	34352	14
0	0	1.97605	4.21067	1016	14
0	0	1.73593	2.41123	-1	-1
0	0	7.60158	1.31015	11704	6
0	0	5.3697	-1.98402	-1	-1
0	0	5.55603	-1.57933	25344	13
0	0	-3.69815	5.37105	-1	-1
0	0	7.60068	-6.24518	-1	-1
0	0	-7.21233	7.58367	-1	-1
0	0	5.34394	5.6655	41088	12
0	0	-1.90246	-9.41694	18920	14
0	0	-9.34761	4.4112	9224	3
0	0	-5.01373	9.43014	-1	-1
0	0	-7.10256	1.99475	-1	-1
0	0	7.83699	-4.91211	-1	-1
0	0	-2.04823	-7.05545	-1	-1
0	0	8.94979	8.92154	13592	10
0	0	9.72274	1.4418	27664	9
0	0	6.59009	-2.30876	-1	-1
0	0	-7.06116	5.5509	-1	-1
0	0	8.56873	5.06744	2544	18
0	0	5.21825	6.32191	53432	5
0	0	-3.25742	-6.09355	-1	-1
0	0	3.40246	-0.427776	27600	17
0	0	-8.2268	8.85003	40816	13
0	0	1.22113	-0.189782	-1	-1
0	0	-0.298522	5.06901	1056	7
0	0	-4.00577	9.48952	-1	-1
0	0	3.08313	0.798809	560	15
0	0	9.40279	-4.69069	-1	-1
0	0	-3.0773	7.61479	40744	4
0	0	3.81425	9.55678	-1	-1
0	0	-2.66796	-1.79946	-1	-1
0	0	4.45111	-8.56157	12680	11
0	0	-8.43283	2.63277	51008	3
0	0	-1.5557	7.11769	38720	16
0	0	-6.77794	9.22409	31216	2
0	0	-5.54066	-8.2573	34104	13
0	0	6.60147	9.09168	-1	-1
0	0	-5.55082	5.34775	-1	-1
0	0	7.2525	6.73488	6688	6
0	0	-5.32143	3.94467	-1	-1
0	0	1.57152	-2.25731	42336	16
0	0	-0.236658	6.44472	-1	-1
0	0	1.49608	-3.67926	11720	8
0	0	8.77494	-8.64534	-1	-1
0	0	7.59756	-5.38338	-1	-1
0	0	-8.02856	5.24085	-1	-1
0	0	4.78454	-8.4608	-1	-1
0	0	-9.27569	-4.71086	-1	-1
0	0	2.31388	7.75352	-1	-1
0	0	3.11759	6.34465	-1	-1
0	0	7.9611	-9.0243	15824	14
0	0	-7.53754	-0.691407	-1	-1
0	0	-8.2719	-5.47885	27512	14
0	0	-2.93894	0.442641	-1	-1
0	0	3.69773	8.39196	-1	-1
0	0	-1.73913	2.65307	52048	7
0	0	4.76676	-4.63464	3944	18
0	0	-3.59821	-3.02644	-1	-1
0	0	2.54479	4.19177	-1	-1
0	0	-6.24887	-6.93352	-1	-1
0	0	7.32946	4.56818	1840	17
0	0	-8.26399	2.15295	21072	3
0	0	-6.6185	0.109797	50408	4
0	0	-5.05478	3.99959	9792	13
0	0	-1.78556	3.54432	37360	9
0	0	3.56994	-6.25933	-1	-1
0	0	-4.73404	1.38837	-1	-1
0	0	-8.05375	-5.00028	-1	-1
0	0	-3.52496	0.263998	-1	-1
0	0	-6.10131	-9.01118	14352	1
0	0	-6.57944	3.41653	17920	11
0	0	-4.75505	-0.988268	-1	-1
0	0	3.84618	-0.141789	14528	6
0	0	4.55319	-1.67574	-1	-1
0	0	2.47722	-5.70463	-1	-1
0	0	-4.70615	5.87621	6032	16
0	0	-9.53396	-9.13721	-1	-1
0	0	-8.28075	5.92867	-1	-1
0	0	-5.49151	4.96504	-1	-1
0	0	6.61465	-0.414763	-1	-1
0	0	-6.83129	3.7628	-1	-1
0	0	-5.4116	-2.14554	-1	-1
0	0	2.10387	-3.86886	-1	-1
0	0	3.73906	6.08117	-1	-1
0	0	-3.65704	-7.58171	-1	-1
0	0	-6.71462	-9.72458	6280	0
0	0	-0.859908	4.43768	-1	-1
0	0	5.40684	-1.27898	20480	1
0	0	7.78637	-0.868029	14320	11
0	0	3.42794	-5.31566	-1	-1
0	0	2.4949	3.7383	24288	11
0	0	1.31746	-0.397902	6816	18
0	0	-1.25229	5.86968	-1	-1
0	0	9.16312	3.0608	-1	-1
0	0	-3.2101	8.95705	-1	-1
0	0	-0.767861	3.30575	51824	18
0	0	-1.0302	1.0448	21848	14
0	0	-3.63572	0.831969	25072	11
0	0	1.09301	-1.19014	41080	4
0	0	-9.35957	5.25262	-1	-1
0	0	-6.66384	6.13433	-1	-1
0	0	-9.02142	4.38093	-1	-1
0	0	8.29997	2.34244	16968	18
0	0	4.9566	-8.7274	27752	2
0	0	-6.16417	-1.10774	-1	-1
0	0	-9.51237	8.13385	17192	8
0	0	3.97185	0.553434	-1	-1
0	0	9.4854	-3.18907	-1	-1
0	0	6.35183	-9.12456	-1	-1
0	0	-2.3232	-5.28925	-1	-1
0	0	-5.45462	0.793642	-1	-1
0	0	7.89831	1.69184	20056	13
0	0	4.88681	0.836648	-1	-1
0	0	3.24079	-6.02704	-1	-1
0	0	3.11465	-2.24838	14776	19
0	0	-4.5357	9.67704	19656	17
0	0	-3.06441	8.41318	3800	10
0	0	-9.72815	6.47515	11096	18
0	0	5.95803	2.65336	-1	-1
0	0	-4.09701	-0.551252	50552	13
0	0	0.270792	-4.20231	7304	1
0	0	-1.72156	3.19601	-1	-1
0	0	-3.60984	3.45363	15376	11
0	0	-6.77613	4.45673	18632	18
0	0	-4.08752	5.6784	-1	-1
0	0	6.59873	-0.860648	-1	-1
0	0	5.41715	-6.1126	50056	15
0	0	7.1421	8.32196	21520	14
0	0	-8.72369	-3.20788	-1	-1
0	0	-3.03781	2.22178	41880	4
0	0	-6.68648	-6.26321	24632	4
0	0	-0.794255	3.77441	-1	-1
0	0	2.25541	-0.682921	-1	-1
0	0	6.01688	-7.25652	-1	-1
0	0	-3.38854	0.238791	26016	12
0	0	1.75978	-5.62527	1160	3
0	0	-6.70358	-5.56249	37184	11
0	0	4.25613	-1.24766	816	9
0	0	-2.25321	0.121701	-1	-1
0	0	-4.16271	3.20883	37776	19
0	0	8.46684	0.00975092	1832	4
0	0	-4.54154	4.19588	-1	-1
0	0	-0.728671	5.73305	-1	-1
0	0	-8.10466	-2.2571	-1	-1
0	0	6.08081	1.80418	-1	-1
0	0	1.6551	5.48261	-1	-1
0	0	9.38541	2.70044	-1	-1
0	0	4.01753	6.19426	-1	-1
0	0	5.41534	0.932288	-1	-1
0	0	0.913964	0.769925	184	18
0	0	-2.69725	-8.08644	-1	-1
0	0	8.2089	2.42325	35304	15
0	0	-3.66209	4.15373	21184	13
0	0	-9.8139	6.63274	12656	4
0	0	0.686113	0.442689	192	16
0	0	7.97384	4.10662	-1	-1
0	0	3.88975	8.02878	-1	-1
0	0	7.90479	-3.91904	-1	-1
0	0	-0.0667314	1.65847	42096	10
0	0	0.85625	-7.0029	-1	-1
0	0	-8.05654	7.43613	-1	-1
0	0	-4.66038	7.51023	49160	2
0	0	7.73504	-6.17573	41088	5
0	0	-6.17485	-9.29069	18888	5
0	0	0.168019	9.67992	-1	-1
0	0	1.43555	-9.048	-1	-1
0	0	-7.1305	9.55951	22432	5
0	0	-3.97801	7.63167	-1	-1
0	0	8.19784	-7.85665	-1	-1
0	0	4.59385	-2.2722	54832	15
0	0	5.87353	9.27845	-1	-1
0	0	-1.26571	3.62758	-1	-1
0	0	5.60008	-8.73581	-1	-1
