Pile ID	Distribution Type	X-Position	Y-Position	Collection Time	Ant ID
0	0	-7.35633	4.10892	32008	15
0	0	-8.41288	-7.53509	-1	-1
0	0	6.38314	-9.05995	30240	14
0	0	-6.73223	-6.28396	49112	0
0	0	9.47155	-4.12966	33240	7
0	0	-0.916961	7.76423	-1	-1
0	0	3.20521	6.65195	-1	-1
0	0	7.10841	1.51238	-1	-1
0	0	5.7821	4.52377	-1	-1
0	0	7.52454	-6.03364	-1	-1
0	0	7.41364	-5.35111	27712	17
0	0	4.21056	3.25531	-1	-1
0	0	-6.89534	6.89912	-1	-1
0	0	-9.31685	0.646507	13648	1
0	0	-9.31804	-6.07045	-1	-1
0	0	-2.90605	-6.38402	-1	-1
0	0	4.28067	1.43139	-1	-1
0	0	-7.30925	5.50514	6280	5
0	0	2.67704	-7.77975	-1	-1
0	0	7.51433	-1.91031	-1	-1
0	0	-8.80817	-4.91008	-1	-1
0	0	2.56977	0.252823	536	9
0	0	7.65947	5.91499	32912	0
0	0	5.45702	4.41171	-1	-1
0	0	5.38414	-8.53881	-1	-1
0	0	-2.29077	-1.94556	-1	-1
0	0	-6.51277	8.26764	-1	-1
0	0	8.94224	-7.39236	51456	9
0	0	6.60057	0.856804	1336	2
0	0	6.68718	-2.47692	-1	-1
0	0	-5.86916	-3.92367	10328	8
0	0	-0.484334	-8.83955	7232	4
0	0	-9.0242	-4.50338	-1	-1
0	0	-8.76105	1.3266	52072	16
0	0	4.74429	-8.52871	30256	18
0	0	9.37674	-3.18844	8744	17
0	0	-0.432272	8.44025	-1	-1
0	0	-0.716974	5.38635	1048	16
0	0	2.63693	-7.97932	25632	12
0	0	-0.733462	-7.91926	-1	-1
0	0	-7.88399	3.65094	39720	16
0	0	6.9508	-8.43002	-1	-1
0	0	-3.19575	-9.89336	46512	7
0	0	-6.16703	-6.758	-1	-1
0	0	2.06284	-0.373275	8288	3
0	0	4.02801	1.32568	-1	-1
0	0	-7.47799	9.10649	-1	-1
0	0	4.60676	-8.59713	-1	-1
0	0	-8.72469	-5.21553	43576	9
0	0	2.31339	-6.94979	-1	-1
0	0	-2.74255	4.68206	-1	-1
0	0	9.37904	0.201471	46312	11
0	0	-3.6055	8.12508	16224	15
0	0	-4.81851	-8.55317	-1	-1
0	0	-1.44251	8.78953	-1	-1
0	0	9.08981	3.22292	5496	13
0	0	-7.41218	1.90214	-1	-1
0	0	0.82485	9.64753	12144	5
0	0	-6.85153	5.35233	-1	-1
0	0	4.97752	-5.59941	26232	6
0	0	-6.37994	-4.5788	36528	5
0	0	9.60892	5.1362	27272	9
0	0	4.10353	-3.04681	27368	10
0	0	-7.30818	-1.98109	46248	0
0	0	2.34167	6.43406	-1	-1
0	0	7.04236	0.968269	-1	-1
0	0	3.71422	7.93579	-1	-1
0	0	-8.80674	7.00146	6904	15
0	0	4.42479	6.70388	-1	-1
0	0	-6.16549	-1.21616	-1	-1
0	0	-0.586038	9.03123	-1	-1
0	0	5.96181	-9.13279	33240	16
0	0	-6.65536	9.08051	16464	5
0	0	-8.71587	-6.28943	7832	3
0	0	5.17919	-6.9136	32040	10
0	0	-7.62476	-0.251734	-1	-1
0	0	-8.50871	-6.73911	-1	-1
0	0	-7.75468	-2.7728	45008	14
0	0	-0.0505978	2.64486	632	8
0	0	7.55952	-4.50653	51848	14
0	0	7.50322	0.474297	-1	-1
0	0	9.52234	-0.624444	-1	-1
0	0	8.32185	-9.36432	24560	10
0	0	2.82157	-6.47851	22832	8
0	0	-1.4222	-9.11109	42664	8
0	0	0.000863047	1.60344	5872	16
0	0	8.93581	3.93263	34936	0
0	0	2.05761	-6.82114	-1	-1
0	0	-0.878764	2.33483	28008	12
0	0	1.33447	-2.49844	12080	12
0	0	-9.80092	4.07963	-1	-1
0	0	-4.79241	-3.5879	44800	9
0	0	5.26348	-8.11875	-1	-1
0	0	6.51731	-9.78428	40304	7
0	0	-3.66705	-8.64225	56376	4
0	0	8.94393	-4.87655	35560	4
0	0	7.63306	-8.23754	22504	14
0	0	4.26345	-3.67882	-1	-1
0	0	3.06186	-4.06872	20992	1
0	0	1.46086	-1.06798	-1	-1
0	0	-6.33342	-4.21801	-1	-1
0	0	3.34924	8.63059	-1	-1
0	0	-9.07829	-0.487494	-1	-1
0	0	-4.00616	6.47247	-1	-1
0	0	1.02729	-2.55293	-1	-1
0	0	0.0025503	-8.68659	-1	-1
0	0	5.75087	-6.59748	22248	5
0	0	6.59397	0.449729	-1	-1
0	0	-4.40989	-8.36234	-1	-1
0	0	-4.9669	2.63864	22184	1
0	0	9.22396	-2.22461	22496	3
0	0	4.28242	1.76346	1008	15
0	0	5.15072	-7.40761	-1	-1
0	0	-1.98404	2.21872	17088	5
0	0	6.56793	9.41938	-1	-1
0	0	5.0796	-8.38064	-1	-1
0	0	2.11256	-3.55525	-1	-1
0	0	-6.16911	8.71053	-1	-1
0	0	-4.67434	1.63822	1680	8
0	0	-7.24469	-5.59202	-1	-1
0	0	3.90871	5.36825	-1	-1
0	0	-1.81929	-9.49887	51816	15
0	0	-8.68141	-3.46049	-1	-1
0	0	-4.43654	0.705486	-1	-1
0	0	6.97437	-2.8845	45544	13
0	0	-7.81931	8.51105	-1	-1
0	0	4.96032	3.35736	25456	8
0	0	-9.32518	-8.12169	35496	19
0	0	8.05094	-9.73135	-1	-1
0	0	1.46811	-4.41047	-1	-1
0	0	8.3164	7.27915	24976	9
0	0	-0.498057	1.16186	9920	14
0	0	0.119726	9.59086	-1	-1
0	0	-6.97154	8.38396	-1	-1
0	0	0.252442	-4.94418	-1	-1
0	0	-9.08765	7.30481	-1	-1
0	0	6.60569	6.95362	-1	-1
0	0	7.49704	-1.20109	-1	-1
0	0	6.83378	3.25282	36640	0
0	0	4.24341	-8.53294	42272	7
0	0	5.026	8.38022	54872	16
0	0	2.62331	-4.91787	-1	-1
0	0	1.26479	-9.32568	32456	12
0	0	-6.8877	-9.41346	4048	15
0	0	-4.9543	-7.10059	-1	-1
0	0	4.75871	6.26685	-1	-1
0	0	-4.39963	4.95878	-1	-1
0	0	-5.78294	3.64211	-1	-1
0	0	-2.95546	5.98189	-1	-1
0	0	-1.16275	5.39373	-1	-1
0	0	-0.383243	3.38126	-1	-1
0	0	4.00883	-6.24111	11024	4
0	0	-5.50142	-8.29138	9448	0
0	0	1.47461	1.05022	50792	3
0	0	-3.39948	-4.17236	-1	-1
0	0	5.16788	1.70304	-1	-1
0	0	6.34044	-5.49971	-1	-1
0	0	7.49143	-5.60042	6144	1
0	0	-8.55775	-7.54901	15008	10
0	0	-5.48781	-6.08185	-1	-1
0	0	5.75426	2.9696	9616	3
0	0	1.60402	-4.68882	-1	-1
0	0	-6.35265	4.51329	5536	16
0	0	2.40185	9.69783	47552	1
0	0	3.9115	1.07786	6688	16
0	0	-2.94537	0.288618	6896	5
0	0	-0.652265	0.863359	42528	3
0	0	0.825509	-0.248333	12304	5
0	0	-7.09349	5.43846	-1	-1
0	0	8.40694	-0.734398	55320	10
0	0	4.45463	-5.61939	-1	-1
0	0	-2.50944	7.75046	55480	5
0	0	-1.78913	-5.359	52976	15
0	0	-5.34706	-1.06216	-1	-1
0	0	7.71751	-4.26131	-1	-1
0	0	4.56699	-7.78403	42288	3
0	0	8.25471	0.89609	-1	-1
0	0	8.94071	-1.6057	-1	-1
0	0	-1.7361	-6.13937	-1	-1
0	0	-8.11814	-1.03647	-1	-1
0	0	-7.53919	-4.43144	30848	0
0	0	7.80501	-9.4159	-1	-1
0	0	-9.70759	3.87732	56664	11
0	0	2.80593	2.86769	-1	-1
0	0	-0.681911	-9.23344	28168	1
0	0	1.52088	-5.26905	-1	-1
0	0	-5.55465	5.40514	-1	-1
0	0	5.54523	1.83938	-1	-1
0	0	5.1587	8.76133	11480	12
0	0	0.248551	-3.09384	-1	-1
0	0	-6.83006	-6.93394	-1	-1
0	0	-9.62288	5.83588	-1	-1
0	0	-0.85338	-9.30169	41064	9
0	0	5.37156	-2.45405	31312	5
0	0	9.17838	-6.48835	43504	19
0	0	-6.29518	-9.13073	-1	-1
0	0	-9.52593	6.09855	3944	16
0	0	-2.52209	-7.657	49168	3
0	0	3.51673	1.27966	52848	16
0	0	-7.65844	-0.833361	30856	17
0	0	2.94028	6.65689	20392	19
0	0	-5.6029	7.52141	-1	-1
0	0	8.61023	-4.20942	17728	1
0	0	7.22315	-1.3166	-1	-1
0	0	4.58643	3.80359	12960	3
0	0	-2.75891	-8.82412	25864	7
0	0	-8.95671	-8.10786	32616	19
0	0	-4.42654	9.17372	-1	-1
0	0	-8.39083	-1.53244	47432	12
0	0	6.483	2.21088	45664	8
0	0	7.46941	-3.32537	-1	-1
0	0	-4.14164	-6.57921	20568	7
0	0	-6.31814	-8.72786	-1	-1
0	0	-5.61837	6.10156	-1	-1
0	0	2.43428	3.81479	37176	16
0	0	5.51495	-2.02904	-1	-1
0	0	-8.094	-8.53769	41744	17
0	0	6.38176	3.76965	43336	18
0	0	5.35013	-7.22825	-1	-1
0	0	5.7373	-0.948443	11344	1
0	0	-6.07071	-1.50185	34920	5
0	0	-7.21676	-2.52982	-1	-1
0	0	6.49999	-7.84124	51872	0
0	0	2.71779	-2.31974	-1	-1
0	0	1.9188	2.10935	46352	19
0	0	9.13256	-6.96742	-1	-1
0	0	6.06302	-1.68289	44920	16
0	0	-6.67888	-1.55461	-1	-1
0	0	-3.66535	1.15151	-1	-1
0	0	3.81494	0.085369	-1	-1
0	0	5.59191	5.12531	18952	2
0	0	-8.94875	0.611921	-1	-1
0	0	-3.52597	-8.18153	33608	5
0	0	-7.46501	-6.06384	9544	14
0	0	-8.19775	-7.53197	15712	16
0	0	-7.23945	2.65756	24112	3
0	0	6.87312	-4.08642	-1	-1
0	0	5.87433	5.85589	5472	2
0	0	1.83323	3.35959	-1	-1
0	0	7.40805	-2.3029	-1	-1
0	0	6.32143	-7.74812	-1	-1
0	0	-8.13405	-5.6542	-1	-1
0	0	-2.11787	3.49133	47376	7
0	0	-5.73722	-0.525873	50392	3
0	0	8.92145	-2.91441	19248	3
0	0	4.96693	5.93662	-1	-1
0	0	0.407945	7.25572	1384	14
0	0	0.641977	0.0280815	1448	2
0	0	-4.77094	-5.12979	47760	11
0	0	4.39349	5.079	43048	15
0	0	-0.279798	1.39467	14016	15
0	0	2.8098	-2.371	-1	-1
0	0	-9.83117	8.65933	13696	15
0	0	-3.30787	3.90962	7984	15
0	0	-9.68797	-4.83462	50008	14
0	0	-5.19057	-2.3768	-1	-1
